(footprint "Circle_10mm"
	(version 20240108)
	(generator "pcbnew")
	(generator_version "8.0")
	(layer "F.Cu")
	(property "Reference" "REF**"
		(at 0 -0.5 0)
		(unlocked yes)
		(layer "F.SilkS")
		(hide yes)
		(uuid "c7c9d2cf-4caf-452b-8ea5-288483e88db0")
		(effects
			(font
				(size 1 1)
				(thickness 0.1)
			)
		)
	)
	(property "Value" "Circle_10mm"
		(at 0 1 0)
		(unlocked yes)
		(layer "F.Fab")
		(uuid "494923f2-ea99-4bf3-a1ec-fae231821707")
		(effects
			(font
				(size 1 1)
				(thickness 0.15)
			)
		)
	)
	(property "Footprint" ""
		(at 0 0 0)
		(unlocked yes)
		(layer "F.Fab")
		(hide yes)
		(uuid "ec71a946-e373-43a6-a5fb-e6f0279be532")
		(effects
			(font
				(size 1 1)
				(thickness 0.15)
			)
		)
	)
	(property "Datasheet" ""
		(at 0 0 0)
		(unlocked yes)
		(layer "F.Fab")
		(hide yes)
		(uuid "34f73aad-10bb-4c8d-8fc3-857140e2e309")
		(effects
			(font
				(size 1 1)
				(thickness 0.15)
			)
		)
	)
	(property "Description" ""
		(at 0 0 0)
		(unlocked yes)
		(layer "F.Fab")
		(hide yes)
		(uuid "f67816cc-83e3-4a61-8a06-183645dd6cc0")
		(effects
			(font
				(size 1 1)
				(thickness 0.15)
			)
		)
	)
	(attr smd)
	(fp_text user "${REFERENCE}"
		(at 0 2.5 0)
		(unlocked yes)
		(layer "F.Fab")
		(uuid "cac42074-37a4-4814-b728-b89d3b0c2060")
		(effects
			(font
				(size 1 1)
				(thickness 0.15)
			)
		)
	)
	(pad "1" smd custom
		(at 0 0)
		(size 1.524 1.524)
		(layers "F.Cu" "F.SilkS")
		(options
			(clearance outline)
			(anchor circle)
		)
		(primitives
			(gr_poly
				(pts
					(xy -1.143 -0.381) (xy -1.127161 -0.489713) (xy -1.072076 -0.60239) (xy -0.98339 -0.691076) (xy -0.870713 -0.746161)
					(xy -0.762 -0.762) (xy 0.762 -0.762) (xy 0.870713 -0.746161) (xy 0.98339 -0.691076) (xy 1.072076 -0.60239)
					(xy 1.127161 -0.489713) (xy 1.143 -0.381) (xy 1.143 0.381) (xy 1.127161 0.489713) (xy 1.072076 0.60239)
					(xy 0.98339 0.691076) (xy 0.870713 0.746161) (xy 0.762 0.762) (xy -0.762 0.762) (xy -0.870713 0.746161)
					(xy -0.98339 0.691076) (xy -1.072076 0.60239) (xy -1.127161 0.489713) (xy -1.143 0.381)
				)
				(width 0)
				(fill yes)
			)
			(gr_circle
				(center 0 0)
				(end 10 0)
				(width 0.2)
				(fill yes)
			)
		)
		(uuid "f2a828c3-275a-4a81-a533-7b4730c95516")
	)
	(zone
		(net 0)
		(net_name "")
		(layers "In1.Cu" "In2.Cu" "In3.Cu" "In4.Cu" "In5.Cu" "In6.Cu" "In7.Cu"
			"In8.Cu" "In9.Cu" "In10.Cu" "In11.Cu" "In12.Cu" "In13.Cu" "In14.Cu" "In15.Cu"
			"In16.Cu" "In17.Cu" "In18.Cu" "In19.Cu" "In20.Cu" "In21.Cu" "In22.Cu"
			"In23.Cu" "In24.Cu" "In25.Cu" "In26.Cu" "In27.Cu" "In28.Cu" "In29.Cu"
			"In30.Cu" "B.Cu"
		)
		(uuid "fa863b84-c35b-4d0c-b123-e7eead1dd9e5")
		(hatch edge 0.5)
		(connect_pads
			(clearance 0)
		)
		(min_thickness 0.25)
		(filled_areas_thickness no)
		(keepout
			(tracks not_allowed)
			(vias not_allowed)
			(pads allowed)
			(copperpour not_allowed)
			(footprints allowed)
		)
		(fill
			(thermal_gap 0.5)
			(thermal_bridge_width 0.5)
		)
		(polygon
			(pts
				(xy 0.665595 -11.079577) (xy 0.728293 -11.075632) (xy 1.359975 -11.01592) (xy 1.4223 -11.008046)
				(xy 2.048985 -10.908789) (xy 2.110694 -10.897018) (xy 2.729911 -10.758607) (xy 2.790759 -10.742984)
				(xy 3.400063 -10.565965) (xy 3.45981 -10.546552) (xy 4.056796 -10.331624) (xy 4.115207 -10.308497)
				(xy 4.69752 -10.056507) (xy 4.754362 -10.029759) (xy 5.319703 -9.741703) (xy 5.374753 -9.71144)
				(xy 5.920892 -9.388455) (xy 5.973934 -9.354793) (xy 6.498714 -8.998153) (xy 6.549538 -8.961227)
				(xy 7.050889 -8.572339) (xy 7.099294 -8.532295) (xy 7.575238 -8.112694) (xy 7.621033 -8.06969) (xy 8.06969 -7.621033)
				(xy 8.112694 -7.575238) (xy 8.532295 -7.099294) (xy 8.572339 -7.050889) (xy 8.961227 -6.549538)
				(xy 8.998153 -6.498714) (xy 9.354793 -5.973934) (xy 9.388455 -5.920892) (xy 9.71144 -5.374753) (xy 9.741703 -5.319703)
				(xy 10.029759 -4.754362) (xy 10.056507 -4.69752) (xy 10.308497 -4.115207) (xy 10.331624 -4.056796)
				(xy 10.546552 -3.45981) (xy 10.565965 -3.400063) (xy 10.742984 -2.790759) (xy 10.758607 -2.729911)
				(xy 10.897018 -2.110694) (xy 10.908789 -2.048985) (xy 11.008046 -1.4223) (xy 11.01592 -1.359975)
				(xy 11.075632 -0.728293) (xy 11.079577 -0.665595) (xy 11.099507 -0.031411) (xy 11.099507 0.031411)
				(xy 11.079577 0.665595) (xy 11.075632 0.728293) (xy 11.01592 1.359975) (xy 11.008046 1.4223) (xy 10.908789 2.048985)
				(xy 10.897018 2.110694) (xy 10.758607 2.729911) (xy 10.742984 2.790759) (xy 10.565965 3.400063)
				(xy 10.546552 3.45981) (xy 10.331624 4.056796) (xy 10.308497 4.115207) (xy 10.056507 4.69752) (xy 10.029759 4.754362)
				(xy 9.741703 5.319703) (xy 9.71144 5.374753) (xy 9.388455 5.920892) (xy 9.354793 5.973934) (xy 8.998153 6.498714)
				(xy 8.961227 6.549538) (xy 8.572339 7.050889) (xy 8.532295 7.099294) (xy 8.112694 7.575238) (xy 8.06969 7.621033)
				(xy 7.621033 8.06969) (xy 7.575238 8.112694) (xy 7.099294 8.532295) (xy 7.050889 8.572339) (xy 6.549538 8.961227)
				(xy 6.498714 8.998153) (xy 5.973934 9.354793) (xy 5.920892 9.388455) (xy 5.374753 9.71144) (xy 5.319703 9.741703)
				(xy 4.754362 10.029759) (xy 4.69752 10.056507) (xy 4.115207 10.308497) (xy 4.056796 10.331624) (xy 3.45981 10.546552)
				(xy 3.400063 10.565965) (xy 2.790759 10.742984) (xy 2.729911 10.758607) (xy 2.110694 10.897018)
				(xy 2.048985 10.908789) (xy 1.4223 11.008046) (xy 1.359975 11.01592) (xy 0.728293 11.075632) (xy 0.665595 11.079577)
				(xy 0.031411 11.099507) (xy -0.031411 11.099507) (xy -0.665595 11.079577) (xy -0.728293 11.075632)
				(xy -1.359975 11.01592) (xy -1.4223 11.008046) (xy -2.048985 10.908789) (xy -2.110694 10.897018)
				(xy -2.729911 10.758607) (xy -2.790759 10.742984) (xy -3.400063 10.565965) (xy -3.45981 10.546552)
				(xy -4.056796 10.331624) (xy -4.115207 10.308497) (xy -4.69752 10.056507) (xy -4.754362 10.029759)
				(xy -5.319703 9.741703) (xy -5.374753 9.71144) (xy -5.920892 9.388455) (xy -5.973934 9.354793) (xy -6.498714 8.998153)
				(xy -6.549538 8.961227) (xy -7.050889 8.572339) (xy -7.099294 8.532295) (xy -7.575238 8.112694)
				(xy -7.621033 8.06969) (xy -8.06969 7.621033) (xy -8.112694 7.575238) (xy -8.532295 7.099294) (xy -8.572339 7.050889)
				(xy -8.961227 6.549538) (xy -8.998153 6.498714) (xy -9.354793 5.973934) (xy -9.388455 5.920892)
				(xy -9.71144 5.374753) (xy -9.741703 5.319703) (xy -10.029759 4.754362) (xy -10.056507 4.69752)
				(xy -10.308497 4.115207) (xy -10.331624 4.056796) (xy -10.546552 3.45981) (xy -10.565965 3.400063)
				(xy -10.742984 2.790759) (xy -10.758607 2.729911) (xy -10.897018 2.110694) (xy -10.908789 2.048985)
				(xy -11.008046 1.4223) (xy -11.01592 1.359975) (xy -11.075632 0.728293) (xy -11.079577 0.665595)
				(xy -11.099507 0.031411) (xy -11.099507 -0.031411) (xy -11.079577 -0.665595) (xy -11.075632 -0.728293)
				(xy -11.01592 -1.359975) (xy -11.008046 -1.4223) (xy -10.908789 -2.048985) (xy -10.897018 -2.110694)
				(xy -10.758607 -2.729911) (xy -10.742984 -2.790759) (xy -10.565965 -3.400063) (xy -10.546552 -3.45981)
				(xy -10.331624 -4.056796) (xy -10.308497 -4.115207) (xy -10.056507 -4.69752) (xy -10.029759 -4.754362)
				(xy -9.741703 -5.319703) (xy -9.71144 -5.374753) (xy -9.388455 -5.920892) (xy -9.354793 -5.973934)
				(xy -8.998153 -6.498714) (xy -8.961227 -6.549538) (xy -8.572339 -7.050889) (xy -8.532295 -7.099294)
				(xy -8.112694 -7.575238) (xy -8.06969 -7.621033) (xy -7.621033 -8.06969) (xy -7.575238 -8.112694)
				(xy -7.099294 -8.532295) (xy -7.050889 -8.572339) (xy -6.549538 -8.961227) (xy -6.498714 -8.998153)
				(xy -5.973934 -9.354793) (xy -5.920892 -9.388455) (xy -5.374753 -9.71144) (xy -5.319703 -9.741703)
				(xy -4.754362 -10.029759) (xy -4.69752 -10.056507) (xy -4.115207 -10.308497) (xy -4.056796 -10.331624)
				(xy -3.45981 -10.546552) (xy -3.400063 -10.565965) (xy -2.790759 -10.742984) (xy -2.729911 -10.758607)
				(xy -2.110694 -10.897018) (xy -2.048985 -10.908789) (xy -1.4223 -11.008046) (xy -1.359975 -11.01592)
				(xy -0.728293 -11.075632) (xy -0.665595 -11.079577) (xy -0.031411 -11.099507) (xy 0.031411 -11.099507)
			)
		)
	)
)
